<!-- init start -->

bgyr bgyr
1111 1111	FF

1000 0000	80
:
:

1000 0000	80
1100 0000	C0
1110 0000	E0
1111 0000	F0
1111 0001	F1
1111 0011	F3
1111 0111	F7
1111 1111	FF
0000 0000	00

1000 0000	80
1100 0000	C0
1110 0000	E0
0111 0000	70
0011 0001	31
0001 0011	13
0000 0111	07
0000 1110	0E
1000 1100	8C
1100 1000	C8
1110 0000	E0

<!-- init end -->

bgyr bgyr

0/0
0111 1110	7E
1011 1101	BD
1101 1011	DB
1110 0111	E7
 
1/0
1010 1010	AA
0101 0101	55
1010 0101	A5
0101 1010	5A

0/1
1000 0000	80
0100 0000	40
0010 0000	20
0001 0000	10
0000 0001	01
0000 0010	02
0000 0100	04
0000 1000	08

1/1
1111 1111	FF
0000 0000	00